64 408
4
0
1
2
3
0
0
2
0
1
0
2
0
2
0
2
0
3
0
2
1
2
0
2
1
3
0
2
2
3
4
4
5
6
7
0
0
2
4
5
0
2
4
6
0
2
4
7
0
2
5
6
0
2
5
7
0
2
6
7
4
8
9
10
11
0
0
2
8
9
0
2
8
10
0
2
8
11
0
2
9
10
0
2
9
11
0
2
10
11
4
12
13
14
15
0
0
2
12
13
0
2
12
14
0
2
12
15
0
2
13
14
0
2
13
15
0
2
14
15
4
16
17
18
19
0
0
2
16
17
0
2
16
18
0
2
16
19
0
2
17
18
0
2
17
19
0
2
18
19
4
20
21
22
23
0
0
2
20
21
0
2
20
22
0
2
20
23
0
2
21
22
0
2
21
23
0
2
22
23
4
24
25
26
27
0
0
2
24
25
0
2
24
26
0
2
24
27
0
2
25
26
0
2
25
27
0
2
26
27
4
28
29
30
31
0
0
2
28
29
0
2
28
30
0
2
28
31
0
2
29
30
0
2
29
31
0
2
30
31
4
32
33
34
35
0
0
2
32
33
0
2
32
34
0
2
32
35
0
2
33
34
0
2
33
35
0
2
34
35
4
36
37
38
39
0
0
2
36
37
0
2
36
38
0
2
36
39
0
2
37
38
0
2
37
39
0
2
38
39
4
40
41
42
43
0
0
2
40
41
0
2
40
42
0
2
40
43
0
2
41
42
0
2
41
43
0
2
42
43
4
44
45
46
47
0
0
2
44
45
0
2
44
46
0
2
44
47
0
2
45
46
0
2
45
47
0
2
46
47
4
48
49
50
51
0
0
2
48
49
0
2
48
50
0
2
48
51
0
2
49
50
0
2
49
51
0
2
50
51
4
52
53
54
55
0
0
2
52
53
0
2
52
54
0
2
52
55
0
2
53
54
0
2
53
55
0
2
54
55
4
56
57
58
59
0
0
2
56
57
0
2
56
58
0
2
56
59
0
2
57
58
0
2
57
59
0
2
58
59
4
60
61
62
63
0
0
2
60
61
0
2
60
62
0
2
60
63
0
2
61
62
0
2
61
63
0
2
62
63
0
2
0
4
0
2
1
5
0
2
2
6
0
2
3
7
0
2
0
8
0
2
1
9
0
2
2
10
0
2
11
3
0
2
0
12
0
2
1
13
0
2
2
14
0
2
3
15
0
2
8
4
0
2
9
5
0
2
10
6
0
2
11
7
0
2
4
12
0
2
13
5
0
2
6
14
0
2
15
7
0
2
8
12
0
2
9
13
0
2
10
14
0
2
11
15
0
2
16
20
0
2
17
21
0
2
18
22
0
2
19
23
0
2
16
24
0
2
17
25
0
2
18
26
0
2
27
19
0
2
16
28
0
2
17
29
0
2
18
30
0
2
19
31
0
2
24
20
0
2
25
21
0
2
26
22
0
2
27
23
0
2
20
28
0
2
29
21
0
2
22
30
0
2
31
23
0
2
24
28
0
2
25
29
0
2
26
30
0
2
27
31
0
2
32
36
0
2
33
37
0
2
34
38
0
2
35
39
0
2
32
40
0
2
33
41
0
2
34
42
0
2
43
35
0
2
32
44
0
2
33
45
0
2
34
46
0
2
35
47
0
2
40
36
0
2
41
37
0
2
42
38
0
2
43
39
0
2
36
44
0
2
45
37
0
2
46
38
0
2
47
39
0
2
40
44
0
2
41
45
0
2
42
46
0
2
43
47
0
2
48
52
0
2
49
53
0
2
50
54
0
2
51
55
0
2
48
56
0
2
49
57
0
2
50
58
0
2
59
51
0
2
48
60
0
2
49
61
0
2
50
62
0
2
51
63
0
2
56
52
0
2
57
53
0
2
58
54
0
2
59
55
0
2
52
60
0
2
61
53
0
2
62
54
0
2
63
55
0
2
56
60
0
2
57
61
0
2
58
62
0
2
59
63
0
2
0
16
0
2
1
17
0
2
2
18
0
2
19
3
0
2
0
32
0
2
1
33
0
2
2
34
0
2
35
3
0
2
0
48
0
2
1
49
0
2
2
50
0
2
51
3
0
2
16
32
0
2
17
33
0
2
18
34
0
2
35
19
0
2
16
48
0
2
17
49
0
2
18
50
0
2
51
19
0
2
32
48
0
2
33
49
0
2
34
50
0
2
51
35
0
2
4
20
0
2
21
5
0
2
6
22
0
2
23
7
0
2
4
36
0
2
37
5
0
2
38
6
0
2
39
7
0
2
4
52
0
2
53
5
0
2
54
6
0
2
55
7
0
2
20
36
0
2
37
21
0
2
38
22
0
2
39
23
0
2
20
52
0
2
53
21
0
2
54
22
0
2
55
23
0
2
36
52
0
2
53
37
0
2
54
38
0
2
55
39
0
2
8
24
0
2
9
25
0
2
10
26
0
2
27
11
0
2
8
40
0
2
9
41
0
2
10
42
0
2
43
11
0
2
8
56
0
2
9
57
0
2
10
58
0
2
59
11
0
2
24
40
0
2
25
41
0
2
26
42
0
2
43
27
0
2
24
56
0
2
25
57
0
2
26
58
0
2
59
27
0
2
40
56
0
2
41
57
0
2
42
58
0
2
59
43
0
2
12
28
0
2
29
13
0
2
14
30
0
2
31
15
0
2
12
44
0
2
45
13
0
2
46
14
0
2
47
15
0
2
12
60
0
2
61
13
0
2
62
14
0
2
63
15
0
2
28
44
0
2
45
29
0
2
46
30
0
2
47
31
0
2
28
60
0
2
61
29
0
2
62
30
0
2
63
31
0
2
44
60
0
2
61
45
0
2
62
46
0
2
63
47
0
2
0
20
0
2
1
21
0
2
2
22
0
2
3
23
0
2
16
4
0
2
17
5
0
2
18
6
0
2
19
7
0
2
8
28
0
2
9
29
0
2
10
30
0
2
11
31
0
2
24
12
0
2
25
13
0
2
26
14
0
2
27
15
0
2
32
52
0
2
33
53
0
2
34
54
0
2
35
55
0
2
48
36
0
2
49
37
0
2
50
38
0
2
51
39
0
2
40
60
0
2
41
61
0
2
42
62
0
2
43
63
0
2
56
44
0
2
57
45
0
2
58
46
0
2
59
47
1
0
0
0
1
1
0
1
2
0
1
3
0
1
4
1
5
0
0
1
6
0
1
7
0
1
16
0
1
17
1
18
0
0
1
19
0
1
20
0
1
21
0
1
22
1
23
0
0
1
32
1
33
0
0
1
34
0
1
35
0
1
36
0
1
37
1
38
0
0
1
39
4
0
8
4
12
0
4
0
16
32
48
0
4
16
24
20
28
0
4
4
20
36
52
0
4
32
40
36
44
0
4
8
24
40
56
0
4
48
56
52
60
0
4
12
28
44
60
0
4
0
16
4
20
0
4
8
24
12
28
0
4
32
48
36
52
0
4
40
56
44
60
0
4
1
13
5
9
0
4
1
49
17
33
0
4
17
29
21
25
0
4
53
21
37
5
0
4
33
45
37
41
0
4
9
57
25
41
0
4
49
61
53
57
0
4
61
29
45
13
0
4
1
21
5
17
0
4
9
29
13
25
0
4
33
53
37
49
0
4
41
61
45
57
0
4
2
10
6
14
0
4
2
18
34
50
0
4
18
26
22
30
0
4
38
54
6
22
0
4
46
34
42
38
0
4
10
26
42
58
0
4
62
50
58
54
0
4
46
62
14
30
0
4
2
18
6
22
0
4
10
26
14
30
0
4
54
34
50
38
0
4
62
42
58
46
0
4
11
3
15
7
0
4
19
35
3
51
0
4
27
19
31
23
0
4
55
23
39
7
0
4
43
35
47
39
0
4
27
43
11
59
0
4
59
51
63
55
0
4
63
31
47
15
0
4
19
3
23
7
0
4
27
11
31
15
0
4
51
35
55
39
0
4
59
43
63
47
0
